# Camera parameter file. 

# The format of each camera is as follows:
# Filename (of the undistorted image in visualize folder)
# Original filename
# Focal Length (of the undistorted image)
# 2-vec Principal Point (image center)
# 3-vec Translation T (as in P = K[R T])
# 3-vec Camera Position C (as in P = K[R -RC])
# 3-vec Axis Angle format of R
# 4-vec Quaternion format of R
# 3x3 Matrix format of R
# [Normalized radial distortion] = [radial distortion] * [focal length]^2
# 3-vec Lat/Lng/Alt from EXIF

# The nubmer of cameras in this reconstruction
4

00000000.jpg
E:\郭大神的作业\多媒体技术\第8节课-全景拼接+3D建模\3D校门\IMG_20170620_134536.jpg
3240.23974609
1184 2104
0.410014117763 -0.049422133238 -0.862475974982
-0.410014383423 0.0494220780145 0.862476224245
0 0 0
1.00000001768 0 0 0
0.999999414126 -1.47801913208e-008 3.03474709806e-008
-1.47801913208e-008 1.0000010019 -4.08586497969e-010
3.03474709806e-008 -4.08586497969e-010 0.999999725441
-0.188052454992
29.4882526389 106.567504861 248

00000001.jpg
E:\郭大神的作业\多媒体技术\第8节课-全景拼接+3D建模\3D校门\IMG_20170620_134555.jpg
3244.00195313
1184 2104
1.79198517392 -0.00405418175523 -0.255183915545
-1.33188707571 0.0802324351494 1.22310593951
0.0254225139284 -0.601484345435 0.0352540746819
0.954884345542 0.0125195168585 -0.296205694842 0.0173611462483
0.823921095598 -0.0405724979372 -0.565249552509
0.0257390491556 0.999084168644 -0.0341943128161
0.566119171752 0.0136244498316 0.824211189206
-0.148110038302
29.4882488056 106.567596417 248

00000002.jpg
E:\郭大神的作业\多媒体技术\第8节课-全景拼接+3D建模\3D校门\IMG_20170620_134548.jpg
3235.48242188
1184 2104
1.23406939204 -0.0142165333279 -0.618235777454
-0.961025786539 0.0619918571726 0.988904544279
0.00672033193094 -0.334755510346 0.0381961791572
0.985837870357 0.00334428856975 -0.166586864818 0.0190078476296
0.943774653637 -0.0385915716229 -0.328328201037
0.0363630524859 0.999255469709 -0.0129267662759
0.328582359129 0.000260939009932 0.944475103171
-0.180707087337
29.4882564444 106.567558278 248

00000003.jpg
E:\郭大神的作业\多媒体技术\第8节课-全景拼接+3D建模\3D校门\IMG_20170620_134529.jpg
3280.52880859
1184 2104
-0.452317864649 -0.0509473888643 -0.851182003573
0.160530118645 0.0647835927139 0.949595329676
5.63884886542e-005 0.318406054263 -0.0445985166239
0.987106346865 2.80729642441e-005 0.158518200962 -0.0222033360426
0.948757579974 0.0438430159495 0.312947400219
-0.0438251997674 0.999014329466 -0.0070946895402
-0.312949888835 -0.00698384553548 0.949743850646
-0.180682824499
29.4882354722 106.56749725 248

